痰湿体质患者数: 278

============================================================
Pareto 前沿 + TOPSIS 折中 + 蒙特卡罗鲁棒
============================================================

完成, 共 278 例有解
统计摘要:
        原痰湿P0   调理等级g   活动强度s   每周频次f    6月P6   累积改善%    6月总成本  Pareto解数
count  278.00  278.00  278.00  278.00  278.00  278.00   278.00    278.00
mean    59.86    1.96    1.70    5.94   47.84   20.06  1138.45      5.63
std      2.88    0.83    0.52    2.50    7.33   11.68   415.06      3.33
min     55.00    1.00    1.00    1.00   33.96    0.00   252.00      1.00
25%     58.00    1.00    1.00    6.00   42.77   11.42   900.00      3.00
50%     60.00    2.00    2.00    7.00   44.84   26.49  1020.00      6.00
75%     62.00    3.00    2.00    7.00   54.04   26.49  1440.00      8.00
max     65.00    3.00    3.00   10.00   65.00   39.36  1932.00     16.00

TOP 方案模式:
 调理等级g  活动强度s  每周频次f  案例数
     2      2      7   36
     1      2      7   35
     3      2      7   31
     1      2      6   29
     3      2      8   21
     2      1      1   20
     2      2      8   19
     3      1      1   18
     3      1      7   15
     1      1      1   15

样本 1, 2, 3 方案:
 ID  原痰湿P0  调理等级g  活动强度s  每周频次f  6月P6  6月P6_MC均值  P6_95%CI下  P6_95%CI上  累积改善%  6月总成本
  1     64      3      1      7 56.69      56.68      54.85      58.54  11.42   1284
  2     58      1      2      7 42.64      42.66      40.68      44.88  26.49   1020
  3     59      2      3      6 38.17      38.25      35.89      40.74  35.30   1632

============================================================
K-means 聚类 → 模板方案
============================================================
 聚类ID  患者数  平均P0  平均年龄组  平均活动  模板g  模板s  模板f  平均6月P6  平均成本
    0   65  62.5    1.8  50.9    3    2    8    45.5  1576
    1   64  56.9    1.7  50.7    1    2    7    41.7  1071
    2   50  62.8    4.1  45.7    3    2    7    53.0  1258
    3   58  58.8    4.2  59.1    2    2    7    50.8   840
    4   41  58.3    3.9  37.7    1    1    7    50.8   824